858 #SUP: 779
783 #SUP: 817
923 #SUP: 852
880 #SUP: 863
716 #SUP: 880
782 #SUP: 913
859 #SUP: 944
930 #SUP: 1003
930 921 #SUP: 853
714 #SUP: 1031
877 #SUP: 1035
878 #SUP: 1305
715 #SUP: 1450
715 708 #SUP: 878
715 708 711 #SUP: 807
715 708 711 712 #SUP: 781
715 708 712 #SUP: 819
715 707 #SUP: 835
715 711 #SUP: 903
715 711 712 #SUP: 830
715 712 #SUP: 1158
872 #SUP: 1513
872 870 #SUP: 1482
871 #SUP: 1621
871 870 #SUP: 1485
922 #SUP: 1642
873 #SUP: 1924
921 #SUP: 2156
708 #SUP: 2174
708 707 #SUP: 792
708 711 #SUP: 848
708 711 712 #SUP: 804
708 712 #SUP: 986
707 #SUP: 2177
707 711 #SUP: 793
707 712 #SUP: 953
711 #SUP: 2219
711 712 #SUP: 1007
712 #SUP: 2547
712 870 #SUP: 917
870 #SUP: 3568
